0.000000 28.596240 134.424420 76.481840 140.057500 39.421590 65.946405 43.022160 70.789025 59.625050 118.614175 182.301905 175.360435 170.546325 151.025390 165.677155 85.817780 125.260510 158.030330 143.798595 262.896775 91.837060 144.708550 228.170160 139.166435 176.490045 114.738940 133.561095 156.919660 247.286740 189.619980 186.216550 195.123260 181.667955 190.195850 191.460520 192.282855 191.787850 185.127020 186.176165 406.344790 437.591555 197.856755 299.045125 143.262025 183.438110 349.399355 269.464885 256.854950 239.034430 850.935665 453.853080 429.742205 530.270210 369.761895 466.996240 360.799860 368.105735 509.823575 493.530155 638.852675 85.124060 89.263460 83.586620 78.354900 80.597905 77.792100 129.009275 133.066355 131.504555 65.054500 80.948060 57.371260 61.229120 83.094320 166.540930 192.234785 138.930785 121.903840 147.372450
28.596240 0.000000 126.258000 88.581680 130.173735 44.319040 65.632670 53.556260 58.596025 69.718350 130.421060 195.992270 188.279845 180.541405 166.118480 178.073655 94.954630 141.519415 170.420490 152.199020 251.372745 74.963865 136.940515 220.295470 127.332735 165.366925 105.870290 121.567240 148.383970 240.324350 202.538780 201.176905 208.335950 194.068970 203.492425 204.756435 204.532540 204.271795 197.768460 200.631215 397.957575 429.959080 186.986035 290.438885 134.183700 174.550500 339.046910 257.067180 247.202565 229.735860 843.555475 447.137345 421.535310 522.893445 360.939700 459.838415 351.199525 362.344765 501.697660 486.157975 633.744945 97.839195 101.987465 87.858710 90.654440 92.963090 91.857910 140.369235 144.650510 144.494810 67.062230 66.466355 74.005540 70.828135 88.282630 151.905950 184.353615 127.528410 111.457880 133.861805
134.424420 126.258000 0.000000 179.625155 35.374900 123.471530 94.728830 157.223930 115.384555 116.428325 231.657610 300.675045 299.279815 295.235815 272.139010 279.091145 204.441650 245.632175 279.941385 268.830880 152.759935 75.057440 39.524120 112.629550 69.013000 73.442835 70.505525 75.400395 56.533440 158.662955 318.774770 311.100870 314.979405 311.062780 311.051745 303.610495 321.099165 320.731425 306.529770 308.307595 293.513430 325.866980 85.004710 191.170230 49.298910 63.962975 221.062290 146.621085 138.748860 115.391185 749.781235 341.415865 308.862860 414.313665 249.064935 351.327835 239.228380 256.522195 386.864450 374.426795 537.214535 197.269845 207.362425 193.106300 193.317160 192.291520 192.330380 247.463585 255.682450 246.630210 162.121130 115.630880 161.877040 149.101210 194.531035 66.771500 102.256260 57.919740 58.235380 56.529460
76.481840 88.581680 179.625155 0.000000 183.270670 86.577670 105.900685 72.288580 87.481630 112.231430 67.557645 133.192720 128.184580 121.990215 100.539420 116.417505 44.194770 77.843100 110.055405 95.495115 307.159815 131.885605 184.423985 269.308080 186.463745 224.923405 159.752965 180.605385 198.257095 292.477725 144.061740 141.063835 149.032170 138.881785 143.850195 141.624810 146.891905 146.256125 140.061270 139.986735 452.877850 483.752215 240.698185 348.227725 190.952925 225.964615 390.365835 305.355315 301.041170 283.425550 901.454560 502.415915 473.804100 577.131120 412.078470 514.005740 404.597695 416.092820 555.293220 538.534790 684.297010 44.779570 49.276130 34.058590 40.404320 61.899780 44.931060 82.455465 84.782055 76.936915 48.978385 95.325315 66.274160 66.088510 30.543320 205.107885 234.214520 178.505730 155.156820 191.769365
140.057500 130.173735 35.374900 183.270670 0.000000 122.272140 99.169960 151.876370 119.862440 127.640895 233.206380 302.349505 300.640415 296.848225 273.643945 280.223145 206.862260 247.452300 281.566120 270.184100 153.298895 82.048290 44.231980 110.298690 51.297280 79.386585 67.452790 81.155140 49.772140 147.532860 320.158520 312.423330 316.873460 312.512910 312.162175 306.768140 322.747110 322.302455 307.727250 309.724115 290.877585 323.160390 76.379790 182.439360 66.422310 61.432070 220.344875 146.955710 136.672340 116.317145 747.333585 340.351225 310.731610 413.453420 249.835100 351.497060 243.137750 260.473090 386.817060 374.725220 536.664560 199.395975 210.284140 195.794465 195.684585 192.506980 194.568695 247.904950 257.028435 249.051995 169.573345 119.577110 165.347130 152.381160 197.252735 83.355400 91.784720 51.809800 71.209500 53.417460
39.421590 44.319040 123.471530 86.577670 122.272140 0.000000 50.079310 55.517590 55.913910 61.180360 134.452720 197.010360 191.884765 186.863200 164.660940 179.146440 100.456740 140.536165 171.332190 159.882945 251.991670 81.937840 133.732820 216.096615 136.783490 174.598690 107.729775 135.014130 147.093080 242.030800 204.585975 199.939855 208.702790 198.178425 203.174700 204.302745 207.084445 206.683480 198.619215 200.058755 399.521505 429.571525 187.941535 288.129445 141.216040 170.993500 332.942080 248.636515 247.239895 226.615415 847.542030 446.307585 418.977235 521.760745 356.731775 458.273410 350.411930 363.825240 499.112340 483.173840 631.351500 102.431565 106.033850 98.750635 94.701745 96.139300 93.658325 144.845520 150.384310 147.876700 72.082630 70.063400 69.397570 79.046830 98.774575 155.681405 181.550415 127.965750 115.624575 140.340510
65.946405 65.632670 94.728830 105.900685 99.169960 50.079310 0.000000 71.952160 55.659950 81.288240 155.768705 223.387540 217.848350 216.133190 193.312160 199.100315 127.098600 166.896550 200.922860 189.447720 225.232580 67.779630 108.752445 187.692050 114.825995 147.195420 88.090550 112.267260 122.898040 220.571115 236.548505 229.555825 235.501695 229.092615 230.404285 227.158760 239.134995 238.651060 227.102405 227.685940 366.634620 396.581585 161.673745 265.181170 118.763795 140.278495 301.210625 221.662700 215.786870 194.746080 820.187915 415.921315 385.563270 488.568115 323.353245 426.106210 316.078180 331.184060 464.306405 452.157845 604.673200 125.993920 132.449920 121.981820 122.817025 121.490345 120.844000 173.341160 179.370545 171.097345 95.343450 66.525500 93.568500 101.375605 118.707415 139.727825 154.869140 100.797015 104.451325 115.712410
43.022160 53.556260 157.223930 72.288580 151.876370 55.517590 71.952160 0.000000 74.162765 93.079735 119.640510 182.719870 176.889985 169.501085 151.190215 165.229055 83.437325 127.293475 158.064745 140.334240 265.181435 109.573415 159.736060 243.136260 148.148525 195.088665 123.804045 145.988865 174.359035 254.985395 189.957250 188.073565 197.380235 181.753940 192.148540 192.792750 192.900065 191.729310 187.018995 188.324490 411.250110 442.107485 209.172200 309.577145 166.374545 199.382980 355.780410 267.832400 261.960670 246.979370 859.380280 460.576045 433.126650 535.458035 380.326295 471.537195 366.119745 374.298240 514.621685 498.191640 644.465240 89.428600 85.844730 73.995110 82.421945 85.505080 76.218980 128.124045 129.918000 126.100645 60.521970 87.637235 72.338255 84.456530 71.973595 188.450785 197.214760 137.682200 147.495255 162.696580
70.789025 58.596025 115.384555 87.481630 119.862440 55.913910 55.659950 74.162765 0.000000 94.775655 140.287645 205.982210 202.697745 191.984460 172.955595 186.659795 105.049295 149.747095 183.781290 164.246665 244.265955 68.058100 129.375685 212.833000 133.257980 167.788495 110.073990 135.787425 146.091175 249.790765 216.776310 214.589740 223.564850 208.926080 218.359805 215.055670 219.606470 219.497475 213.224345 214.777910 397.513680 431.377110 180.099040 282.652790 131.899770 161.901615 328.623245 241.476745 241.301925 217.110240 851.974620 448.605715 417.332940 522.252185 350.722635 459.738940 348.396085 363.622365 498.133705 483.553265 638.216175 109.743430 106.986570 96.318960 98.316000 112.004560 94.729960 149.863350 154.276305 146.519030 66.166995 32.931970 88.387280 101.254955 92.942090 143.409880 184.290980 114.449125 100.408095 129.387345
59.625050 69.718350 116.428325 112.231430 127.640895 61.180360 81.288240 93.079735 94.775655 0.000000 138.054860 196.246620 191.168665 188.985655 164.312560 178.294170 108.137880 138.712745 170.710475 164.902260 244.507365 82.706700 128.331520 205.417015 128.822905 155.102125 98.001925 112.968630 136.974860 214.323035 209.140985 201.477085 210.455405 202.371410 205.564200 204.050325 211.465380 211.097640 200.725130 202.338390 381.186635 407.317600 185.335270 276.751630 126.296285 162.208140 323.296295 241.889345 232.584890 219.859035 813.912665 423.499880 404.471480 504.050880 344.016475 439.608315 335.461505 337.494265 480.986845 465.528385 611.920795 112.872170 114.788510 120.013490 110.469320 100.974410 110.186630 149.737940 152.988595 158.384040 102.101450 103.443325 75.266380 85.126790 120.554740 145.403200 170.186520 126.792535 97.006415 131.689730
118.614175 130.421060 231.657610 67.557645 233.206380 134.452720 155.768705 119.640510 140.287645 138.054860 0.000000 73.233945 71.944255 66.797970 46.787600 57.556040 46.699730 30.047375 56.963510 49.273560 355.676635 177.409375 237.752195 316.090505 226.028290 264.778795 203.846370 220.382360 242.714455 325.039900 89.137120 86.956560 90.608030 84.907940 86.170390 81.681610 93.727105 91.915400 81.218215 83.832010 497.205155 525.424830 292.107180 395.536480 237.247615 277.195700 442.055575 355.152645 349.283150 334.472760 924.845795 539.515820 523.514920 621.299180 462.502450 555.874380 450.638945 450.721465 598.202490 581.732730 729.072405 47.013640 51.399585 65.982980 54.409075 62.138795 65.403145 30.321620 37.525030 42.044290 96.832525 148.325255 78.659690 97.087070 66.522685 255.030970 276.344660 232.465825 201.656685 241.957860
182.301905 195.992270 300.675045 133.192720 302.349505 197.010360 223.387540 182.719870 205.982210 196.246620 73.233945 0.000000 15.237810 20.998050 37.848690 34.346985 106.841065 60.497680 45.962660 48.657285 426.999940 247.806250 308.747505 385.439905 297.262860 332.816600 271.149220 291.484705 313.125140 391.053240 25.441630 19.766390 31.877330 23.836350 22.838300 27.870580 29.656490 29.955470 16.165500 24.073700 566.607005 592.331140 361.280515 465.598850 307.699025 346.573030 511.853295 424.937550 419.325590 404.247655 990.648850 607.859130 592.437830 689.440080 531.737190 623.855840 519.476830 517.570485 666.629605 650.103350 797.204245 115.672480 114.222875 131.164765 124.446340 125.863245 129.054710 73.994390 73.321595 82.852925 164.008765 217.364795 147.369175 164.711300 130.557680 325.485290 346.691950 299.907080 270.851125 312.158025
175.360435 188.279845 299.279815 128.184580 300.640415 191.884765 217.848350 176.889985 202.697745 191.168665 71.944255 15.237810 0.000000 22.030275 33.078590 30.151200 100.477325 54.982390 38.899130 47.566460 424.762170 245.860110 306.543430 384.525145 295.142045 330.510125 269.404880 289.071400 311.033100 388.829850 26.844655 23.140925 26.600005 26.243480 21.340130 28.824050 30.336145 26.588715 17.612150 21.574510 565.048830 589.843405 359.765495 464.156950 305.900915 345.295325 510.554135 423.656345 417.732910 402.798980 988.573135 606.149710 590.757655 687.529660 529.858600 621.963165 518.010545 515.148740 664.061420 648.100715 796.029060 114.305055 110.003480 127.716395 123.034135 124.323880 126.666600 72.340555 68.164145 77.485715 160.933135 214.425045 144.888960 162.241855 127.281545 323.101450 344.679785 297.529475 268.974320 309.713710
170.546325 180.541405 295.235815 121.990215 296.848225 186.863200 216.134605 169.501085 191.984460 188.985655 66.797970 20.998050 22.030275 0.000000 28.077475 33.610520 94.037325 55.599520 45.612830 33.898290 414.801090 235.557890 299.404610 379.964300 286.196675 325.269155 260.731210 279.596905 305.979060 388.306780 30.850955 28.304955 40.536655 24.778925 32.437605 41.241800 32.997060 32.405695 27.797800 31.769090 562.271925 590.168260 355.804910 459.618575 299.303990 341.243325 506.523590 419.649225 413.995885 398.917950 988.048285 604.966770 587.321000 686.401830 526.137445 620.963485 515.973310 514.678130 663.737250 647.210995 792.597030 104.607965 101.505135 118.716170 112.329750 116.594800 119.830755 63.974400 60.684610 67.781150 150.699800 204.836705 140.567110 153.929100 117.185970 313.317125 339.609460 291.558995 262.882690 299.657320
151.025390 166.118480 272.139010 100.539420 273.643945 164.660940 193.312160 151.190215 172.955590 164.312560 46.787600 37.848690 33.078590 28.077475 0.000000 31.129870 76.089095 33.975180 38.151840 27.542140 397.176860 218.271675 278.229545 357.517660 268.377520 305.284630 241.271760 261.935755 283.576500 365.647675 49.568350 45.279135 54.136690 43.701640 47.539815 49.753515 52.632880 50.262485 44.873165 50.471060 538.880210 566.414560 332.415140 436.261550 277.185720 317.989550 483.386730 396.015330 390.361990 375.544350 965.665260 581.812145 564.186625 662.746185 502.941775 597.317395 492.407885 492.066075 639.911530 623.530400 769.076230 86.116675 85.595385 100.918005 95.606300 97.414205 100.112490 48.822865 43.647290 54.671250 132.262485 185.568590 117.797060 134.620495 98.520410 295.883085 318.051770 268.987770 241.647585 281.962435
165.677155 178.073655 279.091145 116.417505 280.223145 179.146440 199.100315 165.229055 186.659795 178.294170 57.556040 34.346985 30.151200 33.610520 31.129870 0.000000 87.098100 45.264495 41.806750 40.419085 407.863775 229.874115 288.801925 365.548430 275.726560 310.635940 254.467140 272.115120 293.797305 363.971535 50.908095 44.636855 45.611010 50.802100 37.195210 34.654120 56.938575 54.591485 33.853275 39.378470 541.448285 563.860880 338.820820 445.596900 288.149115 324.238815 486.640465 400.688805 396.140940 379.473505 961.736105 581.735370 568.325805 663.341090 508.438845 597.449970 493.957390 489.824120 638.653220 624.111285 772.994425 97.035780 96.443655 113.262805 107.164620 108.180690 112.488760 53.636750 62.185840 76.586840 148.303720 199.929465 127.665530 149.671090 113.165615 307.502395 326.855245 282.775165 251.333170 294.444915
85.817780 94.954630 204.441650 44.194770 206.862260 100.456740 127.098600 83.437325 105.049295 108.137880 46.699730 106.841065 100.477325 94.037325 76.089095 87.098100 0.000000 50.964475 83.870020 69.343825 330.031210 150.645240 211.004800 291.398145 201.180820 236.717740 174.290210 198.446555 217.560470 302.953075 116.021325 114.855625 121.093880 110.970200 115.935750 115.710040 117.863885 117.815215 110.512530 114.378000 471.786535 501.152940 264.958070 368.082485 209.494285 250.840220 415.651830 328.427870 322.284615 307.786185 909.391470 516.302975 497.271515 596.163405 436.358285 530.841880 425.960020 430.516645 574.327980 557.150640 709.059150 34.728230 31.966880 42.657660 40.096350 49.167485 43.164615 53.881680 60.673075 62.607250 70.364840 119.814660 63.276810 86.100865 41.139405 230.146725 253.055775 202.636090 172.843550 214.619200
125.260510 141.519415 245.632175 77.843100 247.452300 140.536165 166.896550 127.290025 149.747095 138.712745 30.047375 60.497680 54.982390 55.599520 33.975180 45.264495 50.964475 0.000000 43.935555 36.696250 373.320370 194.294180 253.604990 332.034655 243.856480 279.031890 218.341445 237.715375 259.654450 338.180210 75.007105 70.580290 76.530055 70.344940 71.418375 69.165785 78.035785 76.009865 67.800525 69.036680 511.477300 538.035910 306.754210 410.283560 251.939145 291.608415 456.716880 370.039530 363.864010 348.946125 937.731715 554.272190 537.027005 635.838830 476.333875 569.902425 465.247415 463.802870 612.511990 595.986195 743.504255 64.348460 60.846630 76.959515 73.162845 76.686750 75.572355 28.891550 35.583880 47.377880 108.785420 161.825950 94.016935 114.458350 76.253020 271.480000 293.394220 245.160960 218.129150 258.151815
158.030330 170.420490 279.941385 110.055405 281.566120 171.332190 200.922860 158.061295 183.781290 170.710475 56.963510 45.962660 38.899130 45.612830 38.151840 41.806750 83.870020 43.935555 0.000000 58.833040 403.170325 224.636205 287.469220 364.790515 274.021500 308.712290 249.672585 268.117265 291.448025 367.941820 51.569065 52.449540 52.315560 54.964820 41.985275 47.744145 53.080220 49.501300 45.335110 52.470790 545.320480 568.094640 340.831295 444.411775 286.143430 325.526085 490.504510 403.902905 398.038965 383.288735 966.639440 585.889855 571.211005 668.111155 509.947195 601.714350 498.070980 493.498270 642.546805 628.688580 776.355440 95.280510 90.027955 107.483275 102.539110 104.217030 107.003815 58.317135 50.481035 73.558265 142.273575 195.150985 123.269750 145.712035 109.162610 302.034050 323.125865 278.311255 249.238760 289.411015
143.798595 152.199020 268.830880 95.495115 270.184100 159.882945 189.447720 140.334240 164.246665 164.902260 49.273560 48.657285 47.566460 33.898290 27.542140 40.419085 69.343825 36.696250 58.833040 0.000000 388.303670 208.815720 273.003390 355.849700 261.865945 300.839255 235.515370 252.041645 282.494260 366.903555 57.163705 54.930290 67.113035 50.542825 59.190685 61.710840 60.010795 58.585455 54.963545 56.071045 538.234670 566.380985 328.995895 432.824040 272.846310 314.510770 480.302170 394.450545 388.180355 372.067555 968.803090 581.095305 562.554140 662.298455 500.025885 596.702990 491.712815 493.216730 639.804080 622.950500 768.517965 82.309245 75.602305 91.828030 86.666850 92.721335 92.340170 47.567705 41.307650 48.616315 120.765590 176.464975 117.271500 129.309610 87.684595 286.005445 315.710135 265.301355 238.125570 271.822055
262.896775 251.372745 152.759935 307.158400 153.298895 251.991670 225.232580 265.181435 244.265955 244.507365 355.676635 426.999940 424.762170 414.801090 397.176860 407.863775 330.031210 373.320370 403.170325 388.303670 0.000000 186.153745 133.225830 67.105930 139.248885 121.190700 158.992660 151.100120 126.021230 94.915220 438.159845 439.212940 444.056915 436.810125 438.347030 434.883245 443.874870 443.600170 434.740665 436.035675 176.840380 207.139740 96.047020 98.911840 138.473505 110.295070 133.169920 105.209330 64.401580 88.315000 627.880950 223.717895 207.162755 294.519700 162.278945 234.438210 138.335520 168.012370 277.996210 270.194940 424.404030 313.043575 321.698575 306.731770 306.338285 305.584255 304.661865 359.877055 368.963460 360.040285 278.274170 233.267565 285.527735 265.904290 309.502990 113.749965 93.688500 156.410000 172.649570 125.000485
91.837060 74.963865 75.057440 131.885605 82.048290 81.937840 67.779630 109.573415 68.058100 82.706700 177.409375 247.806250 245.860110 235.557890 218.271675 229.874115 150.645240 194.294180 224.636205 208.815720 186.153745 0.000000 76.716990 158.226715 77.115400 109.482750 57.082180 78.273315 86.914220 191.962540 259.436445 260.115640 266.212755 257.566925 260.481510 256.971340 264.777400 264.924525 256.285635 258.069815 348.731660 379.270565 131.770685 236.997330 88.672560 115.401740 280.739630 195.072390 196.599425 174.417000 797.139950 396.916600 368.650945 470.322785 300.882590 408.523805 296.183235 311.960570 449.517310 435.335520 586.993960 135.556995 142.290700 127.537370 127.288020 128.597050 127.057780 181.911760 190.402545 181.586440 97.684760 56.558730 110.135955 99.891265 129.613560 92.148095 122.416135 68.929230 56.168230 73.830590
144.708550 136.940515 39.524120 184.423985 44.231980 133.732820 108.752445 159.736060 129.375685 128.331520 237.752195 308.747505 306.543430 299.404610 278.229545 288.801925 211.004800 253.604990 287.469220 273.003390 133.225830 76.716990 0.000000 100.714040 56.320800 63.479840 53.788895 56.763740 38.965505 139.668585 323.475645 320.903040 325.459385 318.547275 319.764390 315.430375 325.882800 325.622575 316.302525 316.899435 281.699385 315.387845 77.097930 175.841570 52.961970 54.048860 216.792490 143.666110 130.686480 114.493305 734.986180 330.336590 305.122515 404.264335 239.731860 341.253950 231.865085 248.243935 381.137470 365.963990 522.713950 198.456500 210.016540 193.817445 193.705970 191.463450 192.949785 248.065445 256.980475 246.978180 164.524830 117.263550 168.548970 150.587000 196.283370 57.989830 79.640630 53.599360 65.970600 37.056140
228.170160 220.295470 112.629550 269.308080 110.298690 216.096615 187.692050 243.136260 212.833000 205.417015 316.090505 385.439905 384.525145 379.964300 357.517660 365.548430 291.398145 332.034655 364.790515 355.849700 67.105930 158.226715 100.714040 0.000000 114.875275 83.560170 131.325940 123.552000 84.754670 72.773170 403.481720 398.408620 402.416705 398.692940 396.932040 392.749145 405.888875 405.586360 392.827805 394.328070 203.550940 234.145755 61.634680 112.180270 103.753690 71.411280 138.755240 102.510235 61.881385 66.870260 656.099665 249.890395 224.271520 323.414395 160.688705 262.615120 146.895295 166.612180 297.709365 289.297450 450.922560 278.584735 289.076630 274.860520 274.396310 271.479600 272.895320 326.489455 336.625025 329.273210 248.676535 205.138780 246.936085 229.248950 277.363420 93.967390 80.056820 131.822650 131.794025 95.811325
139.166435 127.332735 69.013000 186.463745 51.297280 136.783490 114.825995 148.148525 133.257980 128.822905 226.028290 297.262860 295.142045 286.195260 268.378935 275.726560 201.180820 243.856480 274.022510 261.864530 139.248885 77.115400 56.320800 114.875275 0.000000 74.612090 58.284750 66.057960 51.708200 145.579480 308.993530 310.768490 314.782600 307.799280 308.306800 302.925000 314.602690 314.626095 304.312595 306.489925 282.566715 317.341440 91.581820 187.528290 77.491975 90.536590 238.470195 169.578190 143.494145 132.127190 731.582460 328.922545 321.171410 406.622540 259.984240 341.732730 244.178690 249.760725 386.492220 369.719545 531.912250 191.181625 194.652570 179.714815 184.648700 180.255265 183.592345 229.932240 239.291955 241.789395 158.794310 127.022640 154.854050 157.376445 183.899625 86.888620 75.465000 60.502200 75.846080 58.280835
176.490045 165.366925 73.442835 224.923405 79.386585 174.598690 147.195420 195.088665 167.788495 155.102125 264.778795 332.816600 330.510125 325.269155 305.284630 310.635940 236.717740 279.031890 308.712290 300.839255 121.190700 109.481950 63.479840 83.560170 74.612090 0.000000 88.309490 68.342435 48.954615 107.847120 346.847070 348.009290 350.263630 346.340960 344.080640 338.375680 352.424785 352.426010 341.164255 343.808745 251.986470 281.077680 84.605300 156.815170 49.467325 63.889730 195.968245 124.116170 109.198300 97.961950 700.158920 298.319180 286.250665 369.362470 223.504500 305.671305 205.225660 215.047190 349.340205 338.631380 517.853880 223.779295 230.833775 216.045930 217.702570 212.141605 214.991050 266.160445 276.515095 272.851040 195.978985 161.733040 191.718170 185.623270 221.564470 49.067870 75.502220 97.422640 81.207035 53.574010
114.738940 105.870290 70.505525 159.752965 67.452790 107.729775 88.090550 123.804045 110.073990 98.001925 203.846370 271.149220 269.404880 260.731210 241.271760 254.467140 174.290210 218.341445 249.672585 235.515370 158.992660 57.082180 53.788895 131.325940 58.284750 88.309490 0.000000 53.499030 62.649445 151.637855 283.564760 284.027945 290.470610 281.640750 284.436010 282.076690 288.277020 288.424145 280.996145 281.714875 313.591985 344.374910 109.251405 208.387980 78.687325 100.317520 256.572480 178.578270 164.826060 151.850785 758.168055 362.496665 337.072050 435.062465 275.767655 373.941265 262.906655 276.749890 415.530670 399.561305 550.225375 164.000865 170.397535 155.044270 155.739910 151.837795 153.435120 207.312365 215.775450 208.531570 128.027130 103.670585 135.163835 117.362320 159.627160 88.632455 91.966575 56.941870 59.331080 65.637605
133.561095 121.567240 75.400395 180.605385 81.155140 135.014130 112.267260 145.988865 135.787425 112.968630 220.382360 291.484705 289.071400 279.596905 261.935755 272.115120 198.446555 237.715375 268.117265 252.041645 151.099970 78.273315 56.763740 123.552000 66.057960 68.342435 53.499030 0.000000 59.959475 132.512580 302.833710 304.217420 309.168440 302.082410 302.555815 298.305175 308.587380 308.451125 299.183795 300.321605 298.793020 327.447030 110.231795 201.697830 67.784405 86.582540 242.942010 164.980930 155.183160 147.371130 737.708995 340.806250 319.236870 418.738125 260.443550 353.516175 249.688915 259.339570 397.575180 382.882610 526.840150 179.143100 184.723990 169.479445 171.763995 172.275970 170.509310 222.777990 230.144460 226.156235 151.066720 126.720135 151.374695 142.216470 173.027130 71.675190 87.746405 78.282960 66.493295 47.038530
156.919660 148.383970 56.533440 198.257095 49.772140 147.093080 122.898040 174.359035 146.091175 136.974860 242.714455 313.125140 311.033100 305.979060 283.576500 293.797305 217.560470 259.654450 291.449035 282.494260 126.021230 86.914220 38.965505 84.754670 51.708200 48.955415 62.649445 59.959475 0.000000 114.158665 328.702885 325.742645 331.055270 325.050375 324.664345 321.014535 331.447760 331.448985 320.619645 322.160875 269.292730 298.482750 78.609820 171.206300 53.768510 55.595665 211.214125 143.031220 124.037680 111.926190 717.968715 316.404850 292.832190 387.769760 232.555815 326.527945 220.491480 235.781680 369.062050 356.756740 510.762305 204.260555 215.119530 199.979840 200.388360 198.331820 198.688035 251.793380 261.454235 255.375850 174.930895 135.728330 172.428185 158.234730 204.004200 56.354860 54.535030 70.617220 69.101155 36.417360
247.286740 240.324350 158.662955 292.477725 147.532860 242.030800 220.571115 254.985395 249.790765 214.323035 325.039900 391.053240 388.829850 388.306780 365.647675 363.971535 302.953075 338.180210 367.941820 366.903555 94.915220 191.962540 139.668585 72.773170 145.579480 107.847120 151.637855 132.512580 114.158665 0.000000 408.821070 404.850105 402.049945 406.850235 397.359530 388.344335 412.816025 412.532385 394.794110 397.866390 201.750745 214.467145 105.787960 119.840290 140.188955 112.111580 140.924480 110.551600 80.364625 109.551290 621.545225 229.356310 215.964235 311.959990 165.126275 248.391125 147.282100 144.643645 287.266355 277.926340 443.569490 291.158150 303.052060 289.984125 289.094615 280.072585 289.551825 331.165090 342.501060 344.270285 271.999925 239.755330 253.562810 247.039890 295.442335 143.095710 95.374950 153.371000 156.301775 137.357900
189.619980 202.538780 318.774770 144.061740 320.158520 204.585975 236.548505 189.957250 216.776310 209.140985 89.137120 25.441630 26.844655 30.850955 49.568350 50.908095 116.021325 75.007105 51.569065 57.163705 438.159845 259.436445 323.475645 403.481720 308.993530 346.847070 283.564760 302.833710 328.702885 408.821070 0.000000 13.959580 21.960440 19.006020 22.955850 39.166370 10.346380 15.086020 20.202170 17.474710 584.587595 609.764800 379.261105 482.928870 322.614285 364.553620 529.833885 442.918140 437.306180 422.228245 1007.978995 625.792070 610.418420 707.299770 549.338680 641.523705 537.457420 534.900630 684.105645 667.923760 815.143455 128.285315 124.881485 141.482600 137.387935 139.513295 141.318520 89.283880 83.509555 93.382700 175.671050 229.381090 160.727295 177.514945 141.285145 336.353225 360.423275 314.918825 286.276880 323.625350
186.219790 201.176905 311.100870 141.063835 312.423330 199.939855 229.555825 188.073565 214.589740 201.477085 86.956560 19.766390 23.140925 28.304955 45.279135 44.636855 114.855625 70.580290 52.449540 54.930290 439.212940 260.115640 320.903040 398.408620 310.765250 348.009290 284.027945 304.217420 325.742645 404.850105 13.959580 0.000000 24.620680 15.269600 20.461805 40.676430 18.724200 17.448520 15.240250 14.737050 577.529305 604.550265 371.852155 475.449780 319.008675 356.733905 522.014170 435.570565 429.958605 414.408530 1002.867975 620.224145 602.840505 701.659205 541.436205 636.220860 531.702825 530.171575 678.994625 662.468370 807.854405 129.221630 126.821095 143.368010 138.162495 140.451510 142.989715 91.299565 84.489100 91.453270 173.162680 227.398440 160.017145 175.546070 140.282290 337.955070 359.859860 309.138325 283.635265 324.332645
195.123260 208.335950 314.979405 149.032170 316.873460 208.702790 235.501695 197.380235 223.564850 210.455405 90.608030 31.877330 26.600005 40.536655 54.136690 45.611010 121.093880 76.530055 52.315560 67.113035 444.056915 266.212755 325.459385 402.416705 314.782600 350.263630 290.470610 309.168440 331.055270 402.049945 21.960440 24.620680 0.000000 36.754440 18.347630 23.608910 27.063200 25.961100 21.068705 17.264555 578.617770 601.699235 375.728520 481.939705 323.974125 360.890490 523.684035 437.295855 432.506015 416.678630 1000.564260 619.169680 604.268570 700.724260 544.084305 634.691660 531.606085 526.889925 676.143615 661.133095 808.795225 133.551665 130.831320 148.573465 142.272265 143.416180 148.299275 92.429835 89.165445 99.733750 182.937760 235.975595 163.533990 184.265290 149.164480 343.089580 364.246840 319.215670 288.280870 330.260030
181.667955 194.068970 311.062780 138.881785 312.512910 198.178425 229.092615 181.753940 208.926080 202.371410 84.907940 23.836350 26.243480 24.778925 43.701640 50.802100 110.970200 70.344940 54.964820 50.542825 436.810125 257.566925 318.547275 398.692940 307.799280 346.340960 281.640750 302.082410 325.050375 406.850235 19.006020 15.269600 36.754440 0.000000 31.767145 50.370970 21.115900 18.402940 25.598050 27.082270 580.253060 607.419925 371.941735 475.322540 316.941760 356.908010 522.351695 436.810210 430.540030 414.582635 1006.210855 622.947910 604.511685 704.382970 542.388130 638.944625 534.426590 533.076770 681.718390 665.192135 810.578170 126.090005 122.622115 140.198675 134.414445 137.283385 139.821925 87.098830 80.343895 87.654595 170.231850 224.772535 159.992530 173.205540 137.201715 335.238270 359.428235 308.447900 282.672495 322.193305
190.195850 203.492425 311.051745 143.850195 312.162175 203.174700 230.404285 192.148540 218.359805 205.564200 86.170390 22.838300 21.340130 32.437605 47.539815 37.195210 115.935750 71.418375 41.985275 59.190685 438.347030 260.481510 319.764390 396.932040 308.306800 344.080640 284.436010 302.555815 324.664345 397.359530 22.955850 20.461805 18.347630 31.767145 0.000000 23.545400 24.476990 21.654950 12.376490 18.717300 575.316540 598.396285 371.410410 476.634540 318.978120 356.213875 520.531700 433.508365 428.518775 412.879845 996.510805 616.025830 601.262135 697.576345 540.271210 631.643845 527.943500 523.483460 672.445360 658.126660 805.789210 126.759060 125.068640 142.899170 136.608710 138.084160 143.235840 84.370525 82.981310 95.915945 177.476305 231.083430 157.544200 178.688875 144.084000 336.949995 357.663240 313.965890 283.324525 325.044825
191.460520 204.756435 303.610495 141.624810 306.773600 204.319305 227.158760 192.792750 215.055670 204.050325 81.681610 27.870580 28.824050 41.241800 49.753515 34.654120 115.710040 69.165785 47.744145 61.710840 434.883245 256.971340 315.430375 392.749145 302.925000 338.375680 282.076690 298.305175 321.014535 388.344335 39.166370 40.676430 23.608910 50.370970 23.545400 0.000000 44.434210 42.341410 25.659460 30.546495 564.174585 584.722935 366.837795 472.517220 315.323300 349.347865 509.872330 426.459455 421.982115 404.385670 983.306935 603.933910 589.171815 685.381820 532.512005 619.584640 518.358685 510.290990 659.616575 645.833540 795.456905 124.341465 123.210745 140.077580 133.140410 135.047315 139.463605 78.412975 81.956850 93.869425 175.005245 227.240605 152.913920 175.686545 140.324620 333.333230 353.799355 310.284775 279.015500 321.683365
192.282855 204.532540 321.099165 146.891905 322.747110 207.084445 239.134995 192.900065 219.606470 211.465380 93.727105 29.656490 30.336145 32.997060 52.632880 56.938575 117.863885 78.035785 53.080220 60.010795 443.874870 264.777400 325.882800 405.888875 314.602690 352.424785 288.277020 308.587380 331.447760 412.816025 10.346380 18.724200 27.063200 21.115900 24.476990 44.434210 0.000000 10.601140 25.842570 24.823450 587.264790 614.197440 381.668260 485.481925 325.251865 367.106675 532.386940 445.471195 439.859235 424.781300 1012.411635 630.032880 613.092375 711.202865 552.000795 645.764520 540.774345 539.187375 688.538285 672.012030 817.550610 134.854065 129.561480 147.345005 142.491395 144.967355 147.053420 94.280025 88.927160 98.463285 177.737380 232.576455 166.343565 181.572450 144.510830 342.267020 365.777130 317.564540 289.156175 329.082465
191.787850 204.271795 320.731425 146.256125 322.302455 206.683480 238.651060 191.729310 219.497475 211.097640 91.915400 29.955470 26.588715 32.405695 50.262485 54.591485 117.815215 76.009865 49.501300 58.585455 443.600170 264.924525 325.622575 405.586360 314.626095 352.426010 288.424145 308.451125 331.448985 412.532385 15.086020 17.448520 25.961100 18.402940 21.654950 42.341410 10.601140 0.000000 26.149950 23.743470 587.045945 613.637875 381.408035 485.072805 324.927270 366.875615 531.977820 445.062075 439.450115 424.550240 1012.127995 629.473310 612.562355 710.643300 551.399855 645.204955 540.363675 538.627810 687.978720 671.452465 817.182870 133.159910 129.276420 147.166100 141.998830 143.401245 146.138375 93.288180 87.224820 95.017225 177.773555 231.829615 165.621440 180.308600 144.676270 342.246060 365.800115 317.033110 289.219195 328.763820
185.127020 197.768460 306.529770 140.061270 307.727250 198.619215 227.102405 187.018995 213.224345 200.725130 81.218215 16.165500 17.612150 27.797800 44.873165 33.853275 110.512530 67.800525 45.335110 54.963545 434.740665 256.285635 316.302525 392.827805 304.312595 341.164255 280.996145 299.183795 320.619645 394.794110 20.202170 15.240250 21.068705 25.598050 12.376490 25.659460 25.842570 26.149950 0.000000 15.487680 572.167400 595.604630 367.294075 472.274705 314.733060 352.333220 517.307070 430.750280 424.924260 409.023930 993.630550 612.591725 597.700620 694.540920 537.778095 628.537350 525.056885 520.950580 669.611310 654.757260 802.998645 123.023915 120.802285 138.587425 133.095370 135.246635 138.679055 82.685325 80.268785 93.404255 173.151765 226.251355 154.686460 174.431820 139.053835 333.226015 353.955600 308.869190 277.090030 320.559295
186.176165 200.631215 308.307595 139.986735 309.724115 200.058755 227.685940 188.324490 214.777910 202.338390 83.832010 24.073700 21.574510 31.769090 50.471060 39.378470 114.378000 69.036680 52.470790 56.071045 436.035675 258.069815 316.899435 394.328070 306.489925 343.808745 281.714875 300.321605 322.160875 397.866390 17.474710 14.737050 17.264555 27.082270 18.717300 30.546495 24.823450 23.743470 15.487680 0.000000 573.672120 598.389735 368.593750 473.874495 316.815025 353.805230 518.887280 432.171670 426.444100 411.310805 996.878415 614.418115 599.471815 696.044985 538.350695 630.443985 526.323535 523.454020 672.836065 656.814875 804.306645 126.094405 123.265070 139.833085 135.739290 136.595890 139.781685 87.472375 81.565235 90.996460 173.718635 226.667285 155.724175 174.740065 139.648280 334.542785 355.655990 309.319810 280.630960 320.718635
406.344790 397.957575 293.510780 452.877850 290.877585 399.521505 366.634620 411.250110 397.513680 381.186635 497.205155 566.607005 565.048830 562.271925 538.880210 541.448285 471.786535 511.477300 545.320480 538.234670 176.840380 348.731660 281.699385 203.550940 282.566715 251.986470 313.591985 298.793020 269.292730 201.750745 584.587595 577.529300 578.617770 580.253060 575.316540 564.174585 587.264790 587.045945 572.167400 573.672120 0.000000 100.617030 236.447385 152.352655 276.740500 247.913205 145.696470 200.058765 167.786100 199.257585 469.844550 81.616600 155.671920 155.949785 140.608365 82.279190 115.748450 151.030350 202.382360 181.771865 299.399970 462.118910 474.011130 459.366135 460.252590 455.681295 459.596555 508.999285 519.383235 515.784340 434.482705 393.208425 426.306350 414.786265 461.869840 278.131190 239.212050 295.366830 310.718660 285.171395
437.591555 429.959080 325.866980 483.752215 323.160390 429.571525 396.581585 442.107485 431.377110 407.317600 525.424830 592.331140 589.843405 590.168260 566.414560 563.860880 501.152940 538.035910 568.094640 566.380985 207.139740 379.270565 315.387645 234.145755 317.341290 281.077330 344.374910 327.446880 298.482750 214.466995 609.764800 604.550265 601.699235 607.419925 598.396285 584.722935 614.197440 613.637875 595.604630 598.389735 100.617030 0.000000 268.208715 173.747490 309.484675 278.444015 152.934955 238.226485 203.442750 235.372750 466.906985 58.608600 117.050640 127.907690 131.092320 106.961580 126.992050 122.777090 134.654560 134.629340 316.047925 489.698420 500.923870 488.184080 488.696800 481.438495 488.024685 533.940620 545.332065 544.441695 467.470735 424.276140 450.980745 444.872410 493.502470 307.985470 265.418480 331.849205 343.898890 316.459885
197.856755 186.986035 85.004710 240.698185 76.379790 187.941535 161.673745 209.172200 180.099040 185.335270 292.107180 361.280515 359.765495 355.804910 332.415140 338.820820 264.958070 306.754210 340.831295 328.995895 96.047020 131.770685 77.097930 61.634680 91.581820 84.605300 109.251405 110.231795 78.609820 105.787960 379.261105 371.852155 375.728520 371.941735 371.410410 366.837795 381.668260 381.408035 367.294075 368.593750 236.447385 268.208715 0.000000 133.312690 94.571660 46.075070 170.232320 117.402145 85.253025 72.973970 691.688495 287.460960 261.076565 358.859945 193.469490 297.891420 187.983300 209.681740 336.444420 325.172520 484.815405 255.188210 268.173230 252.093480 251.924220 249.960910 251.995870 305.377920 314.564560 305.266160 221.916270 165.033380 223.978315 205.500695 254.267835 93.881010 77.245980 94.194070 114.762675 77.928990
299.045120 290.438885 191.169580 348.227725 182.448860 288.129445 265.181170 309.577145 282.652790 276.751630 395.536480 465.598850 464.156950 459.618575 436.261550 445.596900 368.082485 410.283560 444.411775 432.824040 98.911840 236.997330 175.841570 112.180270 187.528290 156.815170 208.387980 201.697830 171.206300 119.840290 482.928870 475.449780 481.939705 475.322540 476.634540 472.517220 485.481925 485.072805 472.274705 473.874495 152.352655 173.747490 133.313340 0.000000 171.295645 148.008030 80.280445 110.494450 77.096470 105.263710 589.396000 184.671905 157.513470 252.454985 98.266965 208.472720 88.232290 108.408190 230.072865 214.245525 408.120960 358.743105 368.684010 356.680105 355.678410 351.864330 354.226855 408.136970 417.768290 410.756215 327.772120 281.990430 325.030930 311.762350 357.687370 165.649330 153.955020 197.586890 205.698105 175.329530
143.262025 134.183700 49.298910 190.952925 66.422310 141.216040 118.763795 166.374545 131.899770 126.296285 237.247615 307.699025 305.900915 299.303990 277.185720 288.149115 209.494285 251.939145 286.143430 272.846310 138.473505 88.672560 52.961970 103.753690 77.491975 49.467325 78.687325 67.784405 53.768510 140.188955 322.614285 319.008675 323.974125 316.941760 318.978120 315.323295 325.251865 324.927270 314.733060 316.815025 276.740500 309.484675 94.571660 171.295645 0.000000 70.289170 212.355650 139.043655 126.090180 114.427690 731.123120 323.804285 297.333065 396.901995 237.154630 333.636595 226.384380 241.851060 376.037150 363.345685 525.597980 201.374570 209.351610 195.268695 197.054125 194.564250 196.921205 250.446770 258.391560 253.133505 168.962445 128.212115 166.742810 163.185610 196.955035 42.704870 89.817710 80.737570 61.762150 51.125390
183.438110 174.550500 63.962975 225.964615 61.432070 170.993500 140.278495 199.382980 161.901615 162.208140 277.195700 346.573030 345.295325 341.243325 317.989550 324.238815 250.840220 291.608415 325.526085 314.510770 110.295070 115.401740 54.048860 71.411280 90.536590 63.889730 100.317520 86.582540 55.595665 112.111580 364.553620 356.733905 360.890490 356.908010 356.213875 349.347865 367.106675 366.875615 352.333220 353.805230 247.913205 278.444015 46.075070 148.008030 70.289170 0.000000 176.465880 114.048450 99.488835 81.938170 701.184435 296.624340 265.370305 367.199235 203.705575 306.317830 196.283615 221.073230 344.783580 334.855345 490.597345 241.408540 250.145325 236.939855 236.667780 234.954880 235.494820 289.794160 299.843310 290.314875 208.017010 152.852590 206.932735 191.829515 237.178415 68.859950 73.187560 85.917625 96.704535 56.654240
