0.000000 21.933070 29.083575 50.152910 23.556530 17.238010 15.845160 11.286255 14.396060 7.078990 96.223310 94.637460 96.986825 98.922160 95.951260 97.210610 92.659510 100.215410 99.116060 97.767310 15.423660 62.234510 75.544910 42.724110 58.766360 32.105760 45.948310 56.831660 51.668710 33.013210 95.452105 93.799410 92.516460 95.927760 95.064940 95.412440 95.366355 94.191210 95.395780 94.127595 98.084325 67.073845 24.885630 50.709060 26.261660 26.126565 46.939610 44.827510 29.770110 56.821560 141.081910 119.332610 102.738560 140.798360 92.759660 111.265060 105.672310 113.163060 109.224960 113.315510 107.216060 85.836210 87.336960 90.099310 89.768910 89.248360 91.573810 89.101960 89.044260 89.762960 94.489110 95.249505 95.930160 89.921410 94.001710 96.816860 89.389410 91.966560 93.000710 90.383910
21.933070 0.000000 25.407730 68.980710 16.819225 8.032960 15.075360 16.269805 33.447110 23.043540 107.280110 101.646310 103.995675 105.931010 102.960110 104.219460 107.350560 107.224260 106.124910 104.776160 31.805860 78.008060 90.826960 59.106310 75.148560 48.487960 62.009410 72.250860 68.050910 49.395410 102.460955 100.808260 99.525310 102.936610 102.073790 102.421290 102.375205 101.200060 102.404630 101.136445 78.646525 47.636045 34.228080 41.315560 46.319810 45.701415 42.148860 51.217660 41.986410 36.714910 150.063060 129.233260 112.734060 147.871860 103.059860 118.538860 116.735660 124.392560 120.226310 122.846060 123.598260 93.175060 94.776510 97.108160 96.777760 96.257210 98.582660 96.110810 96.053110 96.771810 101.497960 102.258355 102.939010 96.930260 101.010560 103.825710 96.398260 98.975410 99.888260 97.392760
29.083575 25.407730 0.000000 75.862475 27.795100 18.227965 20.614465 24.751210 41.348415 31.341365 105.289365 90.796215 94.088115 96.840265 94.202965 96.580315 107.563565 102.293965 101.307665 100.004665 36.989615 85.420565 98.866015 64.341265 81.952415 54.229915 69.134365 80.982915 74.030765 53.496515 87.700805 87.355515 87.109115 87.895715 88.037115 88.482415 87.851865 87.651415 87.597715 87.125350 87.202330 52.258350 28.571385 45.660015 36.289615 53.619870 32.191515 48.952165 33.915815 35.618165 144.151165 117.459365 103.947165 134.156315 97.028365 109.849015 117.012865 119.586765 110.073115 118.391965 130.402115 87.576315 87.522065 83.043115 83.438715 83.109765 85.079315 81.254915 81.713315 82.672165 92.851515 93.017310 101.269865 85.828315 89.369515 98.531865 96.343365 90.810365 85.616415 92.656315
50.152910 68.980710 75.862475 0.000000 69.441830 63.350850 62.582450 57.702945 42.502000 48.761035 51.180600 64.153250 61.463750 60.148100 61.088400 58.993750 47.616800 56.610600 54.433500 55.253300 44.484950 17.150650 29.847800 17.751400 13.723650 26.111050 13.243600 16.390650 14.220800 32.696500 73.524850 73.023350 72.630750 72.338350 72.479750 72.533850 72.294500 71.702850 72.806750 73.907185 144.717120 112.096495 71.226275 97.407100 60.279200 36.879295 93.982550 71.585300 72.643100 103.447950 121.930200 100.395250 85.352000 122.202650 74.665550 93.502200 61.747650 96.312500 90.933600 94.208250 70.539950 67.364600 68.666650 71.338000 71.007600 70.487050 72.812500 70.340650 70.282950 71.001650 67.026350 75.961855 74.484650 71.160100 71.790550 71.611700 70.628100 73.205250 74.239400 71.622600
23.556530 16.819225 27.795100 69.441830 0.000000 15.392320 9.669670 16.585015 32.369420 26.391015 111.096170 105.462370 107.811735 109.747070 106.776170 108.035520 110.612520 111.040320 109.940970 108.592220 33.376670 80.187520 93.632970 58.849470 76.517570 49.536370 63.069670 75.749870 68.511120 48.259620 102.299870 102.743370 102.496970 103.283570 103.424970 103.870270 103.239720 103.039270 102.985570 102.513205 88.415335 59.744105 34.254450 45.218020 42.803670 47.149475 44.771070 51.713370 38.723020 44.320420 150.462420 125.411170 113.900420 144.138820 103.280870 119.743870 118.897870 123.140920 119.253020 119.248920 125.169070 89.608770 90.378220 98.430970 98.826570 98.497620 97.309170 96.642770 95.616070 96.094620 105.314020 97.177345 106.755070 99.213620 104.757370 107.641770 100.214320 102.791470 101.004270 97.606470
17.238010 8.032960 18.227965 63.350850 15.392320 0.000000 9.924350 10.617045 28.752050 18.348480 101.083100 95.449300 97.798665 99.734000 96.763100 98.022450 101.153550 101.027250 99.927900 98.579150 26.654850 73.335900 85.976750 53.955300 69.997550 43.336950 56.508900 67.333500 62.899900 44.244400 96.263945 94.611250 93.328300 96.739600 95.876780 96.224280 96.178195 95.003050 96.207620 94.939435 83.171515 52.161035 29.533020 38.848550 41.354700 41.006355 35.361800 46.066650 36.648550 40.467550 143.866050 122.685750 106.993000 141.840850 96.862850 111.840100 110.994600 118.465300 114.029300 116.582650 118.447250 87.434000 89.058350 90.911150 90.580750 90.060200 92.385650 89.913800 89.856100 90.574800 95.300950 96.061345 96.742000 90.733250 94.813550 97.628700 90.201250 92.778400 93.812550 91.195750
15.845160 15.075360 20.614465 62.582450 9.669670 9.924350 0.000000 8.013545 26.036250 17.974680 102.630200 96.996400 99.345765 101.281100 98.310200 99.569550 102.212550 102.574350 101.475000 100.126250 24.457500 71.787550 85.233000 51.532700 68.319400 40.964900 55.501350 67.349900 60.559200 39.793550 96.501800 96.158350 94.875400 97.485500 97.423880 97.771380 97.441650 96.550150 97.187500 96.486535 86.040865 58.325185 25.765020 46.162400 38.388900 40.172655 38.926650 44.388500 30.216700 44.086750 141.355950 119.641750 107.558850 139.076500 95.699650 112.259800 109.692950 117.726550 112.850950 114.354000 116.769100 83.810700 84.237150 91.819350 91.468450 90.935850 90.839650 90.267700 89.241000 89.625100 96.848050 92.017295 98.289100 91.040100 96.360650 99.175800 91.748350 94.325500 95.206200 90.355100
11.286255 16.269805 24.751210 57.702945 16.585015 10.617045 8.013545 0.000000 18.867495 13.176625 100.202495 94.568695 96.918060 98.853395 95.882495 97.141845 98.422545 100.146645 99.047295 97.698545 21.186695 67.997545 80.707895 48.487145 64.529395 37.868795 51.214295 62.116745 57.431745 38.776245 95.383340 93.730645 92.447695 95.858995 94.996175 95.343675 95.297590 94.122445 95.327015 94.058830 93.311910 62.206680 26.072990 49.034395 35.759495 34.150700 44.437345 40.598495 31.241895 49.278495 142.985445 121.252745 105.866095 139.832945 95.982245 107.754795 108.810495 116.090795 113.148695 112.387145 112.979095 85.558345 85.281495 90.030545 89.700145 89.179595 91.505045 89.033195 88.975495 89.694195 94.420345 93.764940 95.861395 89.321745 93.932945 96.748095 89.320645 91.897795 92.931945 90.315145
14.396060 33.447110 41.348415 42.502000 32.369420 28.752050 26.036250 18.867495 0.000000 11.124130 87.759550 95.096500 97.445865 96.727050 96.410300 95.572700 84.195750 93.189550 91.012450 91.832250 17.894200 53.654350 66.724950 34.260350 50.302600 25.283600 37.484550 48.405500 43.204950 24.549450 95.911145 94.258450 92.975500 96.386800 95.523980 95.871480 95.825395 94.650250 95.854820 94.586635 109.954565 78.944085 36.399670 64.348550 29.972000 18.506005 60.289350 54.805450 39.151950 67.699500 132.618150 122.116250 104.570100 140.901200 95.605600 110.106400 97.495550 115.639850 111.903200 111.959950 98.752300 85.273350 84.996500 90.558350 90.227950 89.707400 92.032850 89.561000 89.503300 90.222000 94.948150 93.501995 96.389200 90.380450 94.460750 97.275900 89.848450 92.425600 93.459750 90.842950
7.078990 23.043540 31.341365 48.761035 26.391015 18.348480 17.974680 13.176625 11.124130 0.000000 93.377530 95.118380 97.467745 99.403080 96.432180 97.691530 89.813730 98.807530 96.630430 97.450230 12.577880 58.526780 71.597380 39.878330 55.920580 29.259980 43.102530 53.479280 48.822930 30.167430 95.933025 94.280330 92.997380 96.408680 95.545860 95.893360 95.847275 94.672130 95.876700 94.608515 100.156515 69.286065 25.814050 55.436080 25.884080 24.264935 50.100930 49.622730 33.379780 57.932030 138.236130 122.248930 105.333180 140.066930 96.373030 109.828730 103.537180 116.342030 112.569730 113.907380 104.370280 85.798530 87.593480 90.580230 90.249830 89.729280 92.054730 89.582880 89.525180 90.243880 94.970030 95.730425 96.411080 90.402330 94.482630 97.297780 89.870330 92.447480 92.903930 90.864830
96.223310 107.280110 105.289365 51.180600 111.096170 101.083100 102.630200 100.202495 87.759550 93.377530 0.000000 14.611550 11.922050 9.865800 11.546700 9.452050 3.913100 7.068900 4.891800 5.678500 87.678850 36.409700 27.523150 60.945300 40.847550 69.304950 54.315500 45.958050 49.853900 75.890400 23.983150 23.481650 23.089050 22.796650 22.938050 22.992150 22.752800 22.161150 23.265050 24.365485 116.001315 102.759435 102.151970 86.184550 96.663200 82.558805 93.128600 73.331800 96.061700 120.065750 81.397300 62.167850 53.800900 86.210800 50.891250 54.941100 33.273750 58.562900 65.946400 65.812700 67.752550 42.825100 43.880700 31.618450 29.110050 32.070300 30.881850 28.993650 29.842950 29.282100 17.484650 50.323645 26.188450 27.076550 22.248850 22.070000 34.455200 38.721500 33.236350 45.458050
94.637460 101.646310 90.796215 64.153250 105.462370 95.449300 96.996400 94.568695 95.096500 95.118380 14.611550 0.000000 3.344500 6.162450 3.525150 5.902500 16.885750 11.616150 10.629850 9.326850 89.548650 49.382350 40.495800 73.917950 53.820200 75.821100 67.288150 58.930700 62.826550 83.605950 9.490000 8.988500 8.595900 8.303500 8.444900 8.499000 8.259650 7.668000 8.771900 9.872335 119.226865 108.540985 87.658820 95.356600 82.170050 90.506555 87.255450 69.006250 81.568550 105.572600 82.114850 64.284700 41.371600 76.476150 39.557150 50.457850 36.499300 55.847850 52.240600 64.272850 70.978100 32.198500 31.251450 17.125300 14.616900 17.577150 16.388700 14.500500 15.349800 14.788950 7.398800 37.639495 29.414000 14.429500 7.755700 18.676150 32.481250 26.968050 18.743200 37.278500
96.986825 103.995675 94.088115 61.463750 107.811735 97.798665 99.345765 96.918060 97.445865 97.467745 11.922050 3.344500 0.000000 3.472950 2.646280 3.213000 14.196250 8.926650 7.940350 6.637350 91.898015 46.692850 37.806300 71.228450 51.130700 78.170465 64.598650 56.241200 60.137050 85.955315 12.781900 12.280400 11.887800 11.595400 11.736800 11.790900 11.551550 10.959900 12.063800 13.164235 120.633695 107.391815 90.950720 92.667100 85.461950 92.855920 88.662280 68.317780 84.860450 108.864500 83.201930 66.800230 42.850600 77.882980 42.849050 53.749750 37.906130 57.254680 55.532500 65.679680 72.384930 35.490400 34.543350 20.417200 17.908800 20.869050 19.680600 17.792400 18.641700 18.080850 8.805630 40.931395 30.820830 15.875300 11.047600 19.833730 33.624580 28.374880 22.035100 40.570400
98.922160 105.931010 96.840265 60.148100 109.747070 99.734000 101.281100 98.853395 96.727050 99.403080 9.865800 6.162450 3.472950 0.000000 3.764800 3.906150 12.836950 7.611000 6.624700 5.901000 93.833350 45.377200 36.490650 69.912800 49.815050 78.272450 63.283000 54.925550 58.821400 84.857900 15.534050 15.032550 14.639950 14.347550 14.488950 14.543050 14.303700 13.712050 14.815950 15.916385 121.752215 108.510335 93.702870 91.935450 88.214100 91.526305 89.780800 69.436300 87.612600 111.616650 85.173100 67.918750 45.602750 80.383900 45.601200 56.501900 39.024650 58.373200 57.956700 66.798200 72.907350 38.242550 37.295500 23.169350 20.660950 23.621200 22.432750 20.544550 21.393850 20.833000 9.924150 43.683545 31.939350 18.627450 13.799750 21.214700 35.026400 30.272400 24.787250 43.322550
95.951260 102.960110 94.202965 61.088400 106.776170 96.763100 98.310200 95.882495 96.410300 96.432180 11.546700 3.525150 2.646280 3.764800 0.000000 2.837650 13.820900 8.551300 7.565000 6.262000 90.862450 46.317500 37.430950 70.853100 50.755350 77.134900 64.223300 55.865850 59.761700 84.919750 12.896750 12.395250 12.002650 11.710250 11.851650 11.905750 11.666400 11.074750 12.178650 13.279085 118.447715 105.476135 91.065570 92.291750 85.576800 91.820355 86.476300 66.131800 84.975300 108.979350 82.535800 64.614250 42.965450 77.746600 42.963900 53.864600 35.720150 55.068700 54.860000 63.493700 69.877550 35.605250 34.658200 20.532050 18.023650 20.983900 19.795450 17.907250 18.756550 18.195700 6.619650 41.046245 28.512050 15.990150 11.162450 17.605900 31.721900 27.635100 22.149950 40.685250
97.210610 104.219460 96.580315 58.993750 108.035520 98.022450 99.569550 97.141845 95.572700 97.691530 9.452050 5.902500 3.213000 3.906150 2.837650 0.000000 11.726250 6.456650 5.470350 4.167350 92.121800 44.222850 35.336300 68.758450 48.660700 77.118100 62.128650 53.771200 57.667050 83.703550 15.274100 14.772600 14.380000 14.087600 14.229000 14.283100 14.043750 13.452100 14.556000 15.656435 118.589065 105.347185 93.442920 90.197100 87.954150 90.371955 86.617650 66.273150 87.352650 111.356700 83.487900 64.755600 45.342800 79.796200 44.905850 56.153200 35.861500 55.210050 57.237350 63.635050 70.340300 37.982600 37.035550 22.909400 20.401000 23.361250 22.172800 20.284600 21.133900 20.573050 8.775600 43.423595 28.776200 18.367500 13.539800 18.051550 31.172000 30.012450 24.527300 42.397400
92.659510 107.350560 107.563565 47.616800 110.612520 101.153550 102.212550 98.422545 84.195750 89.813730 3.913100 16.885750 14.196250 12.836950 13.820900 11.726250 0.000000 9.343100 7.166000 7.985800 84.115050 32.845900 23.959350 57.381500 37.283750 65.741150 50.751700 42.394250 46.290100 72.326600 26.257350 25.755850 25.363250 25.070850 25.212250 25.266350 25.027000 24.435350 25.539250 26.639685 113.868015 100.626135 104.426170 84.051250 98.937400 78.995005 95.402800 75.606000 98.335900 122.339950 83.671500 62.008050 55.124600 84.077500 50.506650 52.807800 31.140450 60.837100 68.220600 68.086900 65.619250 42.895550 43.951150 33.892650 31.384250 34.344500 33.156050 31.267850 32.117150 31.556300 19.758850 50.394095 27.217150 29.350750 24.523050 24.344200 36.729400 40.995700 35.510550 45.528500
100.215410 107.224260 102.293965 56.610600 111.040320 101.027250 102.574350 100.146645 93.189550 98.807530 7.068900 11.616150 8.926650 7.611000 8.551300 6.456650 9.343100 0.000000 2.504250 3.033800 93.108850 41.839700 32.953150 66.375300 46.277550 74.734950 59.745500 51.388050 55.283900 81.320400 20.987750 20.486250 20.093650 19.801250 19.942650 19.996750 19.757400 19.165750 20.269650 21.370085 118.885015 105.643135 99.156570 89.068250 93.667800 87.988805 90.133200 70.336400 93.066300 117.070350 83.749750 65.051550 51.056450 85.837600 49.802750 55.034100 36.157450 55.567500 62.951000 63.931000 67.230900 42.769250 42.749200 28.623050 26.114650 29.074900 27.886450 25.998250 26.847550 26.286700 14.332950 49.137245 29.072150 24.081150 19.253450 19.074600 32.159200 35.726100 30.240950 45.402200
99.116060 106.124910 101.307665 54.433500 109.940970 99.927900 101.475000 99.047295 91.012450 96.630430 4.891800 10.629850 7.940350 6.624700 7.565000 5.470350 7.166000 2.504250 0.000000 1.821400 90.931750 39.662600 30.776050 64.198200 44.100450 72.557850 57.568400 49.210950 53.106800 79.143300 20.001450 19.499950 19.107350 18.814950 18.956350 19.010450 18.771100 18.179450 19.283350 20.383785 117.672615 104.430735 98.170270 87.855850 92.681500 85.811705 89.146900 69.350100 92.080000 116.084050 82.702700 63.839150 50.070150 84.851300 49.777650 56.398650 34.945050 54.581200 61.964700 62.718600 68.654900 41.669900 41.762900 27.636750 25.128350 28.088600 26.900150 25.011950 25.861250 25.300400 13.502950 48.150945 27.859750 23.094850 18.267150 18.088300 30.946800 34.739800 29.254650 44.302850
97.767310 104.776160 100.004665 55.253300 108.592220 98.579150 100.126250 97.698545 91.832250 97.450230 5.678500 9.326850 6.637350 5.901000 6.262000 4.167350 7.985800 3.033800 1.821400 0.000000 91.751550 40.482400 31.595850 65.018000 44.920250 73.377650 58.388200 50.030750 53.926600 79.963100 18.698450 18.196950 17.804350 17.511950 17.653350 17.707450 17.468100 16.876450 17.980350 19.080785 116.278115 103.036235 96.867270 86.461350 91.378500 86.631505 87.843900 68.047100 90.777000 114.781050 81.308200 62.444650 48.767150 83.548300 48.621200 55.217900 33.550550 53.278200 60.661700 61.324100 68.029350 40.321150 40.459900 26.333750 23.825350 26.785600 25.597150 23.708950 24.558250 23.997400 12.199950 46.847945 26.465250 21.791850 16.964150 16.785300 29.552300 33.436800 27.951650 42.954100
15.423660 31.805860 36.989615 44.484950 33.376670 26.654850 24.457500 21.186695 17.894200 12.577880 87.678850 89.548650 91.898015 93.833350 90.862450 92.121800 84.115050 93.108850 90.931750 91.751550 0.000000 53.690050 67.135500 34.179650 50.221900 23.561300 37.403850 49.252400 43.124250 24.468750 89.209790 87.490500 87.244100 89.177400 88.172100 88.617400 88.098440 87.786400 88.411440 87.109835 104.104365 72.362935 34.911120 62.892900 25.279150 22.075155 59.342850 44.600900 31.838450 66.825900 128.468100 114.117950 98.672800 133.916800 90.033900 105.337800 97.675850 109.143050 104.885750 109.303400 98.671600 81.853900 82.464750 81.031900 82.767150 79.805100 84.677000 81.112850 82.024150 83.462450 89.400300 86.074495 90.841350 84.580400 88.912900 91.728050 84.300600 86.526600 85.751400 83.488400
62.234510 78.008060 85.420565 17.150650 80.187520 73.335900 71.787550 67.997545 53.654350 58.526780 36.409700 49.382350 46.692850 45.377200 46.317500 44.222850 32.845900 41.839700 39.662600 40.482400 53.690050 0.000000 15.028700 26.956500 6.858750 35.316150 20.326700 11.429000 15.865100 41.901600 58.753950 58.252450 57.859850 57.567450 57.708850 57.762950 57.523600 56.931950 58.035850 59.136285 142.498915 123.016235 81.247820 109.703750 72.593900 48.250655 105.498000 81.908450 81.908600 112.776100 113.227100 92.267550 76.122600 111.855700 66.223900 82.381600 49.476200 88.537650 83.390350 87.227150 63.179250 57.320150 58.622200 60.272200 59.941800 59.421250 61.746700 59.274850 59.217150 59.935850 52.255450 65.422395 59.713750 60.094300 57.019650 56.840800 59.562300 62.139450 62.697450 60.556800
75.544910 90.826960 98.866015 29.847800 93.632970 85.976750 85.233000 80.707895 66.724950 71.597380 27.523150 40.495800 37.806300 36.490650 37.430950 35.336300 23.959350 32.953150 30.776050 31.595850 67.135500 15.028700 0.000000 40.401950 20.304200 48.761600 33.151100 23.458450 29.310550 55.347050 49.867400 49.365900 48.973300 48.680900 48.822300 48.876400 48.637050 48.045400 49.149300 50.249735 133.612365 120.042785 94.066720 107.444200 86.039350 61.321255 117.982300 95.479750 95.248050 125.149950 105.761600 84.216000 71.944900 102.421950 61.920350 73.100500 40.214800 83.129850 79.086800 81.600200 63.458700 52.641750 53.943800 55.968650 54.994300 55.117700 56.766100 54.877900 54.913600 55.166350 43.368900 61.118845 50.827200 52.960800 48.133100 47.954250 55.258750 57.835900 58.519750 56.253250
42.724110 59.106310 64.341265 17.751400 58.849470 53.955300 51.532700 48.487145 34.260350 39.878330 60.945300 73.917950 71.228450 69.912800 70.853100 68.758450 57.381500 66.375300 64.198200 65.018000 34.179650 26.956500 40.401950 0.000000 23.488350 15.843350 10.670300 22.518850 14.393200 20.798650 78.149095 76.496400 75.140050 78.624750 77.761930 78.109430 78.063345 76.888200 78.092770 76.824585 134.516315 103.505835 60.722520 90.193350 53.083500 29.059605 84.915450 62.715450 62.398200 92.387300 119.541100 103.288600 88.480450 123.503200 78.049350 94.679850 72.295800 99.941650 94.325200 98.621150 71.938050 70.447950 70.489350 72.796300 72.465900 71.945350 74.270800 71.798950 71.741250 72.459950 76.791050 77.946495 78.627150 70.819800 76.698700 79.513850 72.086400 74.663550 75.697700 73.080900
58.766360 75.148560 81.952415 13.723650 76.517570 69.997550 68.319400 64.529395 50.302600 55.920580 40.847550 53.820200 51.130700 49.815050 50.755350 48.660700 37.283750 46.277550 44.100450 44.920250 50.221900 6.858750 20.304200 23.488350 0.000000 31.848000 16.617050 10.481100 12.305900 38.433450 63.191800 62.690300 62.297700 62.005300 62.146700 62.200800 61.961450 61.369800 62.473700 63.574135 146.936765 119.548085 78.531920 106.235600 69.034700 45.101855 102.318850 78.757700 78.440450 109.467400 114.054350 94.899700 78.820100 114.399350 68.185250 84.729700 54.191400 90.900700 85.351700 89.704700 62.664100 59.885200 60.940800 62.233550 61.903150 61.382600 63.708050 61.236200 61.178500 61.897200 56.693300 67.383745 64.151600 62.029000 61.457500 61.278650 61.523650 64.100800 65.134950 62.518150
32.105760 48.487960 54.229915 26.111050 49.536370 43.336950 40.964900 37.868795 25.283600 29.259980 69.304950 75.821100 78.170465 78.272450 77.134900 77.118100 65.741150 74.734950 72.557850 73.377650 23.561300 35.316150 48.761600 15.843350 31.848000 0.000000 19.029950 30.878500 23.781550 10.765450 76.589095 74.983050 73.476100 77.029800 76.248580 76.596080 76.549995 75.374850 76.579420 75.311235 123.897965 92.887485 51.425320 79.575000 42.465150 21.304455 73.880350 52.097100 51.779850 81.917250 114.007650 101.482050 87.574800 121.568900 76.730650 93.065950 81.334650 99.734150 92.285950 97.553100 80.297700 68.934600 68.944650 71.282950 70.952550 70.432000 72.757450 70.285600 70.227900 70.946600 75.672750 76.433145 77.113800 70.627600 75.185350 78.000500 70.573050 73.150200 74.184350 71.567550
45.948310 62.009410 69.134365 13.243600 63.069670 56.508900 55.501350 51.214295 37.484550 43.102530 54.315500 67.288150 64.598650 63.283000 64.223300 62.128650 50.751700 59.745500 57.568400 58.388200 37.403850 20.326700 33.151100 10.670300 16.617050 19.029950 0.000000 15.220900 9.760900 25.615400 73.380995 71.728300 70.445350 73.856650 72.993830 73.341330 73.295245 72.120100 73.324670 72.056485 137.740515 106.730035 65.361270 93.417550 56.307700 32.283805 88.642650 65.939650 65.424350 95.599700 113.694000 99.528750 83.669200 119.772150 73.979900 90.215800 67.659350 95.685450 91.146350 94.432950 65.308250 65.679850 66.735450 68.028200 67.697800 67.177250 69.502700 67.030850 66.973150 67.691850 70.161250 73.178395 73.859050 67.706650 71.930600 74.746600 67.318300 69.895450 70.929600 68.312800
56.831660 72.250860 80.982915 16.390650 75.749870 67.333500 67.349900 62.116745 48.405500 53.479280 45.958050 58.930700 56.241200 54.925550 55.865850 53.771200 42.394250 51.388050 49.210950 50.030750 49.252400 11.429000 23.458450 22.518850 10.481100 30.878500 15.220900 0.000000 11.427450 37.463950 68.302300 67.014150 65.731200 67.115800 67.257200 67.311300 67.071950 66.480300 67.584200 67.342335 149.589065 118.578585 75.777820 104.255200 67.435100 43.030855 99.771650 77.451500 77.380550 106.745100 112.415350 94.343350 78.574550 113.667800 68.947050 84.979150 57.384000 89.818650 85.884800 87.214700 59.714600 58.643150 59.945200 63.314050 62.983650 62.463100 64.788550 62.316700 62.259000 62.977700 61.803800 68.464245 69.144900 63.136150 66.568000 66.389150 62.604150 65.181300 66.162550 63.598650
51.668710 68.050910 74.030765 14.220800 68.511120 62.899900 60.559200 57.431745 43.204950 48.822930 49.853900 62.826550 60.137050 58.821400 59.761700 57.667050 46.290100 55.283900 53.106800 53.926600 43.124250 15.865100 29.310550 14.393200 12.305900 23.781550 9.760900 11.427450 0.000000 30.069150 71.566695 69.914000 68.506400 70.890550 71.153050 71.207150 70.967800 70.305800 71.480050 70.242185 143.460915 112.450435 69.667120 99.137950 61.897700 38.004205 93.930800 71.660050 71.342800 101.167650 114.319200 96.813550 82.454350 117.350150 71.692950 88.196350 61.963800 93.321400 87.404650 92.685300 61.618450 63.865550 63.906950 66.213900 65.883500 65.362950 67.688400 65.216550 65.158850 65.877550 65.699650 71.364095 72.044750 64.237400 70.116300 70.285000 65.504000 68.081150 69.115300 66.498500
33.013210 49.395410 53.496515 32.696500 48.259620 44.244400 39.793550 38.776245 24.549450 30.167430 75.890400 83.605950 85.955315 84.857900 84.919750 83.703550 72.326600 81.320400 79.143300 79.963100 24.468750 41.901600 55.347050 20.798650 38.433450 10.765450 25.615400 37.463950 30.069150 0.000000 84.420595 82.767900 81.381000 84.754450 84.033430 84.380930 84.334845 83.159700 84.364270 83.096085 123.079815 93.124785 51.571370 80.482450 43.372600 19.813105 73.100900 53.004550 50.910300 81.850250 119.318950 107.575650 94.648250 127.660550 82.331300 98.786650 86.205100 106.586700 98.860750 104.134200 86.883150 74.822150 75.354000 79.067800 78.737400 78.216850 80.542300 78.070450 78.012750 78.731450 83.457600 83.028745 84.898650 77.702350 82.970200 85.785350 78.357900 80.935050 81.969200 79.352400
95.452105 102.460955 87.700805 73.524850 102.299870 96.263945 96.501800 95.383340 95.911145 95.933025 23.983150 9.490000 12.781900 15.534050 12.896750 15.274100 26.257350 20.987750 20.001450 18.698450 89.209790 58.753950 49.867400 78.149095 63.191800 76.589095 73.380995 68.302300 71.566695 84.420595 0.000000 4.058140 7.271140 1.890650 3.277580 2.816980 1.757350 4.233590 1.778000 5.555025 123.533815 114.143335 89.851010 104.728200 78.329040 91.321200 93.284450 78.377850 85.685940 110.133090 83.949590 59.837840 42.892590 74.993950 40.384440 49.819690 43.842600 58.368390 49.097390 62.024300 76.563945 28.314300 27.367250 16.208890 15.152490 18.495940 12.504500 12.002390 11.465600 10.904750 12.912290 31.767145 34.927490 18.773240 11.687290 24.202840 38.014540 30.797590 15.475590 32.227200
93.799410 100.808260 87.355515 73.023350 102.743370 94.611250 96.158350 93.730645 94.258450 94.280330 23.481650 8.988500 12.280400 15.032550 12.395250 14.772600 25.755850 20.486250 19.499950 18.196950 87.490500 58.252450 49.365900 76.496400 62.690300 74.983050 71.728300 67.014150 69.914000 82.767900 4.058140 0.000000 3.448800 4.737450 2.946860 2.394460 3.339190 2.412500 3.971490 2.853335 122.922515 113.549185 86.102120 104.226700 78.729350 89.668505 92.782950 77.876350 81.937050 106.384200 80.090900 58.673550 39.053550 75.429600 36.707750 46.128350 43.341100 54.744550 45.383100 62.343050 74.911250 28.757800 27.696550 13.684600 11.403600 14.747050 12.948000 11.059800 11.909100 11.348250 11.043800 32.282845 31.178600 15.102700 7.938400 20.453950 34.265650 27.120900 13.656300 32.705300
92.516460 99.525310 87.109115 72.630750 102.496970 93.328300 94.875400 92.447695 92.975500 92.997380 23.089050 8.595900 11.887800 14.639950 12.002650 14.380000 25.363250 20.093650 19.107350 17.804350 87.244100 57.859850 48.973300 75.140050 62.297700 73.476100 70.445350 65.731200 68.506400 81.381000 7.271140 3.448800 0.000000 7.607950 5.531060 5.425360 6.398690 4.210300 6.841990 4.532735 123.336415 114.726685 83.971720 103.834100 78.482950 88.385555 92.346100 77.483750 79.617550 104.064700 78.577900 59.162850 38.430150 75.534700 35.357950 43.655600 42.948500 53.946850 45.192200 62.285650 73.526250 28.511400 27.564350 13.438200 10.929800 13.890050 12.701600 10.813400 11.662700 11.101850 10.651200 32.386745 28.859100 13.075000 7.169200 18.134450 31.946150 25.153450 13.760200 33.591400
95.927760 102.936610 87.895715 72.338350 103.283570 96.739600 97.485500 95.858995 96.386800 96.408680 22.796650 8.303500 11.595400 14.347550 11.710250 14.087600 25.070850 19.801250 18.814950 17.511950 89.177400 57.567450 48.680900 78.624750 62.005300 77.029800 73.856650 67.115800 70.890550 84.754450 1.890650 4.737450 7.607950 0.000000 3.934740 3.448540 1.797860 4.198550 1.742960 5.519985 122.624165 113.282485 89.818620 103.541700 79.269550 91.796855 92.547650 77.191350 85.653550 110.043150 84.194050 60.156950 43.385600 76.356450 40.354700 50.090600 42.656100 58.792450 49.172400 63.148100 76.459200 29.298000 28.350950 16.176500 15.120100 18.463550 13.488200 11.970000 12.449300 11.888450 12.879900 32.753495 34.895100 18.778300 11.654900 24.170450 37.982150 30.767850 15.440550 33.368350
95.064940 102.073790 88.037115 72.479750 103.424970 95.876780 97.423880 94.996175 95.523980 95.545860 22.938050 8.444900 11.736800 14.488950 11.851650 14.229000 25.212250 19.942650 18.956350 17.653350 88.172100 57.708850 48.822300 77.761930 62.146700 76.248580 72.993830 67.257200 71.153050 84.033430 3.277580 2.946860 5.531060 3.934740 0.000000 1.365100 2.561130 2.038660 3.202680 3.495695 121.298415 113.990335 87.951580 103.683100 79.410950 90.934035 92.239350 77.332750 83.786510 108.233660 80.859860 58.228750 41.735210 75.030700 38.642260 48.811310 42.797500 57.373710 48.110660 62.978750 76.176780 29.439400 28.332250 14.366200 13.253060 16.596510 13.629600 11.741400 12.590700 12.029850 11.012860 33.943745 33.028060 17.885560 9.787860 22.303410 36.115110 28.693410 14.560950 34.265000
95.412440 102.421290 88.482415 72.533850 103.870270 96.224280 97.771380 95.343675 95.871480 95.893360 22.992150 8.499000 11.790900 14.543050 11.905750 14.283100 25.266350 19.996750 19.010450 17.707450 88.617400 57.762950 48.876400 78.109430 62.200800 76.596080 73.341330 67.311300 71.207150 84.380930 2.816980 2.394460 5.425360 3.448540 1.365100 0.000000 1.843230 2.338810 2.226680 3.509685 122.092465 113.022185 88.201280 103.737200 79.856250 91.281535 92.293450 77.386850 84.036210 108.483360 81.457410 58.959450 40.804110 76.215950 38.979760 47.900610 42.851600 56.256710 47.487410 62.877800 76.524280 29.884700 28.231300 14.811500 13.502760 16.846210 14.074900 12.186700 13.036000 12.475150 11.262560 33.582595 33.277760 17.424960 10.037560 22.553110 36.364810 29.392910 14.956050 33.837350
95.366355 102.375205 87.851865 72.294500 103.239720 96.178195 97.441650 95.297590 95.825395 95.847275 22.752800 8.259650 11.551550 14.303700 11.666400 14.043750 25.027000 19.757400 18.771100 17.468100 88.098440 57.523600 48.637050 78.063345 61.961450 76.549995 73.295245 67.071950 70.967800 84.334845 1.757350 3.339190 6.398690 1.797860 2.561130 1.843230 0.000000 3.119590 0.840800 4.338575 122.580315 113.217785 88.739660 103.497850 79.225700 91.235450 92.054100 77.147500 84.574590 109.021740 82.915540 59.527800 41.721140 76.312600 39.287290 48.921440 42.612250 57.301340 48.268190 62.439800 76.350950 29.254150 27.793300 15.097540 14.041140 17.384590 13.444350 11.556150 12.405450 11.844600 11.800940 32.709645 33.816140 17.850140 10.575940 23.091490 36.903190 29.688890 14.361590 33.449200
94.191210 101.200060 87.651415 71.702850 103.039270 95.003050 96.550150 94.122445 94.650250 94.672130 22.161150 7.668000 10.959900 13.712050 11.074750 13.452100 24.435350 19.165750 18.179450 16.876450 87.786400 56.931950 48.045400 76.888200 61.369800 75.374850 72.120100 66.480300 70.305800 83.159700 4.233590 2.412500 4.210300 4.198550 2.038660 2.338810 3.119590 0.000000 3.432590 2.635985 121.689915 113.775135 86.589820 102.906200 79.025250 90.060305 91.462450 76.555850 82.424750 106.871900 80.666500 59.615050 41.133550 75.813400 37.658500 47.495700 42.020600 56.877700 47.161300 62.899200 75.303050 29.053700 28.106650 13.980500 11.891300 15.234750 13.243900 11.355700 12.205000 11.644150 9.723300 33.180045 31.666300 16.295350 8.426100 20.941650 34.753350 27.709650 14.553500 34.133700
95.395780 102.404630 87.597715 72.806750 102.985570 96.207620 97.187500 95.327015 95.854820 95.876700 23.265050 8.771900 12.063800 14.815950 12.178650 14.556000 25.539250 20.269650 19.283350 17.980350 88.411440 58.035850 49.149300 78.092770 62.473700 76.579420 73.324670 67.584200 71.480050 84.364270 1.778000 3.971490 6.841990 1.742960 3.202680 2.226680 0.840800 3.432590 0.000000 4.064925 123.092565 113.435135 89.052660 104.010100 78.971550 91.264875 92.566350 77.659750 84.887590 109.334740 82.641890 58.921790 42.215990 76.058450 39.588740 48.718840 43.124500 57.684790 48.581190 62.138000 76.507620 29.000000 27.199400 15.410540 14.354140 17.697590 13.190200 11.302000 12.151300 11.590450 12.113940 32.116995 34.129140 17.834590 10.888940 23.404490 37.216190 30.001890 14.590190 33.195050
94.127595 101.136445 87.125350 73.906130 102.513205 94.939435 96.486535 94.058830 94.586635 94.608515 24.365485 9.872335 13.164235 15.916385 13.279085 15.656435 26.639685 21.370085 20.383785 19.080785 87.109835 59.136285 50.249735 76.824585 63.574135 75.311235 72.056485 67.342335 70.242185 83.096085 5.555025 2.853335 4.532735 5.519985 3.495695 3.509685 4.338575 2.635985 4.064925 0.000000 124.123530 114.357820 86.988655 105.110535 78.499185 89.996690 93.666785 78.760185 82.823585 107.270735 79.998635 57.654635 40.158435 75.447635 37.184085 46.105085 44.224935 56.018835 47.050485 61.764735 75.239435 28.527635 26.350435 13.454435 12.290135 15.633585 12.717835 10.829635 11.678935 11.118085 11.927635 31.341430 32.065135 16.388435 8.781285 21.340485 35.152185 27.810885 13.951035 33.343785
98.084325 78.646525 87.202330 144.717120 88.415335 83.171515 86.040865 93.311910 109.954565 100.156515 116.001315 119.226865 120.633695 121.752215 118.447715 118.589065 113.868015 118.885015 117.672615 116.278115 104.104365 142.498915 133.612365 134.516315 146.936765 123.897965 137.740515 149.589065 143.460915 123.079815 123.533815 122.922515 123.336415 122.706315 121.298415 122.092465 122.580315 121.689915 123.092565 124.089050 0.000000 48.987000 97.455385 67.362365 108.293615 120.745270 73.489465 93.204265 92.691865 75.100565 164.286515 145.292815 143.585015 158.898715 142.990265 137.759065 118.201165 144.121415 151.260365 154.464765 162.144765 134.386565 138.938665 130.084465 130.280565 130.562365 131.311065 130.006965 130.856265 131.078265 120.150065 140.207910 127.608365 129.262165 124.548815 124.735415 137.120615 138.788565 134.908615 134.270815
67.073845 47.636045 52.258350 112.096495 59.744105 52.161035 58.325185 62.206680 78.944085 69.286065 102.759435 108.540985 107.391815 108.510335 105.476135 105.347185 100.626135 105.643135 104.430735 103.036235 72.362935 123.016235 120.042785 103.505835 119.548085 92.887485 106.730035 118.578585 112.450435 93.124785 114.143335 113.549185 114.726685 113.282485 113.929585 113.022185 113.217785 113.689935 113.435135 114.357820 48.987000 0.000000 67.161230 32.009835 77.446985 89.356130 44.882185 58.686135 63.002635 50.380985 162.202135 139.402535 136.792135 159.129435 130.690135 129.666535 112.017085 142.144485 139.949435 151.096985 153.081085 130.000985 131.532235 121.810485 121.366385 121.708785 122.574135 121.563785 122.317085 122.542385 111.414085 130.569240 118.872385 121.005985 116.178285 115.999435 128.384635 130.531585 126.579485 128.463785
24.885630 34.228080 28.571385 71.226275 34.254450 29.533020 25.765020 26.072990 36.399670 25.814050 102.151970 87.658820 90.950720 93.702870 91.065570 93.442920 104.426170 99.156570 98.170270 96.867270 34.911120 81.247820 94.066720 60.722520 78.531920 51.425320 65.361270 75.777820 69.667120 51.571370 89.851010 86.102120 83.971720 89.818620 87.951580 88.201280 88.739660 86.589820 89.052660 86.988655 97.455385 67.161230 0.000000 53.565320 25.222970 48.406825 38.297920 41.231470 19.401470 39.061520 150.804170 126.821470 109.151870 142.519970 105.392270 114.927970 117.740820 118.386670 116.874120 125.716470 126.981620 97.010470 96.802770 84.122920 81.957920 84.574770 87.085120 82.807820 83.719120 84.677970 89.714120 103.639880 99.732920 82.005770 86.232120 95.394470 102.819970 97.286970 85.784920 104.276120
50.709060 41.315560 45.660015 97.407100 45.218020 38.848550 46.162400 49.034395 64.348550 55.436080 86.184550 95.356600 92.667100 91.935450 92.291750 90.197100 84.051250 89.068250 87.855850 86.461350 62.892900 109.703750 107.444200 90.193350 106.235600 79.575000 93.417550 104.255200 99.137950 80.482450 104.728200 104.226700 103.834100 103.541700 103.683100 103.737200 103.497850 102.906200 104.010100 105.110535 67.362365 32.009835 53.565320 0.000000 57.465450 71.861755 29.197650 39.509150 53.217150 52.469150 162.142350 135.630450 128.057500 161.817800 124.163550 131.061550 105.371250 133.088000 137.854650 139.881650 143.873000 120.153650 121.287050 112.363500 109.855100 112.815350 111.626900 109.738700 110.588000 110.027150 98.229700 128.756395 105.688000 107.821600 102.993900 102.815050 115.200250 119.466550 113.711250 123.890800
26.261660 46.319810 36.289615 60.279200 42.803670 41.354700 38.388900 35.759495 29.972000 25.884080 96.663200 82.170050 85.461950 88.214100 85.576800 87.954150 98.937400 93.667800 92.681500 91.378500 25.279150 72.593900 86.039350 53.083500 69.034700 42.465150 56.307700 67.435100 61.897700 43.372600 78.329040 78.729350 78.482950 79.269550 79.410950 79.856250 79.225700 79.025250 78.971550 78.499185 108.293615 77.446985 25.222970 57.465450 0.000000 35.834105 48.007200 39.526950 22.034450 59.398750 145.738850 120.930100 104.821700 139.359550 98.846600 117.350450 112.185650 117.029850 111.098250 119.185750 117.575450 90.149450 89.647550 80.082950 79.026550 82.370000 76.421750 75.876450 75.382850 74.822000 84.225350 97.672545 98.801550 83.817050 80.743350 89.905700 101.888600 96.355600 81.044650 97.311550
26.126565 45.701415 53.619870 36.879295 47.149475 41.006355 40.172655 34.150700 18.506005 24.266285 82.558805 90.506555 92.841955 91.526305 91.820355 90.371955 78.995005 87.988805 85.811705 86.631505 22.075155 48.250655 61.321255 29.059605 45.101855 21.304455 32.283805 43.030855 38.004205 19.813105 91.321200 89.668505 88.385555 91.796855 90.934035 91.281535 91.235450 90.060305 91.264875 89.996690 120.745270 89.356130 48.406825 71.861755 35.834105 0.000000 69.832255 47.318055 49.847505 80.589905 126.348055 114.195355 95.120105 133.625105 86.461505 105.649605 89.687205 107.060055 100.991355 105.706705 93.551555 80.376305 81.536505 85.968405 85.638005 85.117455 87.442905 84.971055 84.913355 85.632055 90.358205 91.118600 91.799255 84.499905 89.870805 92.685955 85.258505 87.835655 88.712905 86.253005
46.939610 42.148860 32.191515 93.982550 44.771070 35.361800 38.926650 44.437345 60.289350 50.100930 93.128600 87.255450 88.662280 89.780800 86.476300 86.617650 95.402800 90.133200 89.146900 87.843900 59.342850 105.498000 117.982300 84.915450 102.318850 73.880350 88.642650 99.771650 93.930800 73.100700 93.284450 92.782950 92.346100 92.547650 92.239350 92.293450 92.054100 91.462450 92.566350 93.666785 73.489465 44.882185 38.297920 29.197650 48.007200 69.832255 0.000000 35.967450 41.247800 38.311450 158.245300 127.828550 117.593600 149.684200 117.815850 129.470400 105.993150 119.689200 127.868350 128.301700 145.542800 110.155350 110.655150 100.919750 98.411350 101.371600 100.183150 98.294950 99.144250 98.583400 86.392700 121.433945 104.588450 94.775300 91.550150 93.749450 107.675500 108.022800 101.871000 119.308700
44.827510 51.217660 48.952165 71.585300 51.713370 46.066650 44.388500 40.598495 54.805450 49.622730 73.331800 69.006250 68.317780 69.436300 66.131800 66.273150 75.606000 70.336400 69.350100 68.047100 44.600900 81.908450 95.479750 62.715450 78.757700 52.097100 65.939650 77.451500 71.660050 53.004550 78.377850 77.876350 77.483750 77.191350 77.332750 77.386850 77.147500 76.555850 77.659750 78.760185 93.204265 58.686135 41.231470 39.509150 39.526950 47.318055 35.967450 0.000000 34.737700 64.199200 145.072500 123.461850 105.495050 142.510900 105.177250 118.982200 95.379350 113.361600 115.652250 120.407850 127.207400 99.858250 99.227750 86.013150 83.504750 86.465000 85.276550 83.388350 84.237650 83.676800 71.879350 106.527345 90.229550 81.471250 76.643550 79.504900 93.316600 93.116200 87.122550 104.675950
29.770110 41.986410 33.915815 72.643100 38.723020 36.648550 30.216700 31.241895 39.151950 33.379780 96.061700 81.568550 84.860450 87.612600 84.975300 87.352650 98.335900 93.066300 92.080000 90.777000 31.838450 81.908600 95.248050 62.398200 78.440450 51.779850 65.424350 77.380550 71.342800 50.910300 85.685940 81.937050 79.617550 85.653550 83.786510 84.036210 84.574590 82.424750 84.887590 82.823585 92.713415 63.002635 19.401470 53.217150 22.034450 49.847505 41.247800 34.737700 0.000000 47.242100 142.155400 124.726350 106.100200 134.078050 104.623850 112.096850 109.176050 116.311850 113.127650 124.408750 126.890150 98.885150 98.403900 81.711750 80.837500 81.421550 81.958450 80.812600 81.661800 81.566800 83.623850 98.235845 98.262850 83.139200 80.327650 89.304200 101.349900 95.816900 86.195950 101.502800
